Node displacements
Node	u [mm]	w [mm]	theta [rad]
 1		0.0		0.0		0.0003
 2		0.0		-0.0		0.0003
 3		22.0		13.0		0.0019
 4		22.0		-14.0		0.0019
 5		102.0		20.0		0.005
 6		102.0		-22.0		0.005
 7		176.0		11.0		0.0012
 8		176.0		-15.0		0.0014
 9		200.0		-10.0		0.0109
 10		199.0		-35.0		-0.0076
 11		200.0		-82.0		0.0017
 12		21.0		-1.0		0.0014
 13		175.0		-1.0		0.0004

Moments
Beam	M1 [MNm]	M2 [MNm]	M_field_max [ MNm ]
 1		-0.97 		5.07
 2		-11.35 		10.23		3.13
 3		-13.59 		11.23		-17.37
 4		5.09 		-1.03
 5		9.96 		-11.48		-3.02
 6		13.0 		-12.79		16.78
 7		0.49 		1.02
 8		-1.0 		-0.51
 9		-1.02 		-2.74
 10		2.74 		1.0
 11		1.32 		1.29
 12		6.28 		4.38
 13		4.47 		6.39
 14		19.06 		18.99
 15		-11.72 		-15.93
 16		-18.0 		-12.49
 17		-0.36 		2.33
 18		2.46 		-0.26
 19		3.1 		-6.67
 20		-6.96 		2.72
 21		-18.79 		16.96		-18.46
 22		16.97 		-18.87		18.42

Sheer
Beam	Q1 [MN]	Q2 [MN]
 1		-0.19 		0.19
 2		0.94 		1.73
 3		4.55 		6.11
 4		-0.18 		0.18
 5		-1.71 		-0.96
 6		-6.23 		-4.43
 7		-0.09 		0.09
 8		0.09 		-0.09
 9		0.5 		-0.5
 10		-0.5 		0.5
 11		-0.09 		0.09
 12		-0.9 		0.9
 13		-0.91 		0.91
 14		-1.96 		1.96
 15		3.69 		-3.69
 16		4.07 		-4.07
 17		-0.08 		0.08
 18		-0.08 		0.08
 19		0.15 		-0.15
 20		0.18 		-0.18
 21		5.07 		6.91
 22		-6.91 		-5.07

Axial Force
Beam	N [MN]
 1		61.21
 2		60.42
 3		-7.83
 4		-65.73
 5		-64.93
 6		1.19
 7		-3.5
 8		-3.5
 9		-0.09
 10		-0.09
 11		0.0
 12		-1.04
 13		1.06
 14		0.66
 15		-6.77
 16		6.41
 17		32.18
 18		-35.14
 19		-43.26
 20		40.52
 21		31.81
 22		-32.22

Stress
Beam	Sigma_x [MPa]	%fy
 1			170.0			57.0%
 2			200.0			67.0%
 3			87.0			29.0%
 4			181.0			60.0%
 5			211.0			70.0%
 6			68.0			23.0%
 7			171.0			57.0%
 8			169.0			56.0%
 9			153.0			51.0%
 10			153.0			51.0%
 11			11.0			4.0%
 12			55.0			18.0%
 13			56.0			19.0%
 14			158.0			53.0%
 15			152.0			51.0%
 16			168.0			56.0%
 17			103.0			34.0%
 18			112.0			37.0%
 19			160.0			53.0%
 20			155.0			52.0%
 21			204.0			68.0%
 22			205.0			68.0%
